20.7
20.7
20.9
21.1
21.1
21.1
21.1
20.9
20.9
20.9
20.9
20.9
20.9
20.7
20.7
20.7
20.7
20.7
20.9
20.9
20.9
21.1
21.1
21.1
21.2
21.2
21.2
21.4
21.4
21.4
21.4
21.4
21.4
21.4
21.1
21.2
21.4
21.6
21.4
21.4
21.2
21.4
21.4
21.6
21.6
21.6
21.6
21.6
21.4
21.6
21.6
21.6
21.4
21.4
21.4
21.2
21.4
21.4
21.4
21.4
21.1
21.1
21.1
21.1
21.2
21.4
21.4
21.4
21.2
21.1
21.1
21.1
21.1
20.9
21.1
21.2
21.2
21.2
21.2
21.2
21.2
21.2
21.2
21.2
21.2
21.2
21.2
21.2
21.4
21.4
21.4
21.2
21.4
21.6
21.6
21.6
21.6
21.6
21.4
21.4
21.4
21.4
21.6
21.4
21.4
21.4
21.4
21.2
21.2
21.2
21.2
21.1
21.2
21.4
21.4
21.4
21.6
21.4
21.4
21.4
21.4
21.4
21.4
21.2
21.2
20.9
20.9
20.9
20.9
20.9
21.1
20.9
20.9
20.9
20.9
20.9
20.9
21.2
21.1
21.1
21.2
21.2
21.4
21.4
21.4
21.6
21.6
21.6
21.4
21.4
21.4
21.4
21.4
21.4
21.2
21.2
21.4
21.4
21.4
21.6
21.8
22
22
21.8
21.8
21.6
21.8
21.6
21.8
21.6
21.4
21.4
21.4
21.4
21.2
21.4
21.6
21.4
21.2
21.2
21.4
21.4
21.4
21.4
21.4
21.4
21.4
21.2
21.1
21.2
21.2
21.4
21.2
21.4
21.4
21.2
21.2
20.9
21.1
21.2
21.2
21.2
21.4
21.4
21.4
21.2
21.2
21.1
20.9
21.1
20.9
21.1
20.9
20.9
21.1
21.1
21.1
21.2
21.2
21.1
20.9
20.9
21.1
21.1
21.1
20.9
21.1
21.1
21.2
21.2
21.2
21.1
21.2
21.2
21.4
21.2
21.2
21.2
21.2
21.1
21.2
21.1
21.1
21.1
21.1
21.1
21.1
21.1
21.1
21.2
21.2
21.1
21.1
21.1
21.1
21.1
21.1
21.1
21.2
21.2
21.1
21.4
21.4
21.6
21.4
21.4
21.2
21.1
21.2
21.1
21.1
21.1
21.1
21.1
20.9
20.9
20.9
20.9
20.9
20.9
20.9
20.9
20.9
20.9
20.9
21.1
21.1
21.2
21.4
21.4
21.4
21.2
21.2
21.2
21.1
21.1
21.1
21.2
21.4
21.4
21.6
21.6
21.4
21.4
21.2
21.1
21.2
21.4
21.2
21.2
21.4
21.4
21.4
21.4
21.2
21.2
21.4
21.6
21.4
21.6
21.6
21.6
21.2
21.2
21.4
21.4
21.4
21.4
21.2
21.2
21.2
21.2
21.2
21.2
21.2
21.2
21.2
21.4
21.2
21.2
21.2
21.2
21.2
21.2
21.2
21.2
21.2
21.6
21.4
21.4
21.4
21.2
21.1
21.1
21.1
21.1
21.2
21.2
21.4
21.2
21.4
21.4
21.2
21.2
21.2
21.4
21.4
21.2
21.2
21.4
21.4
21.4
21.4
21.4
21.4
21.6
21.4
21.6
21.6
21.4
21.4
21.2
21.2
21.1
21.1
21.2
21.4
21.2
21.2
21.1
21.1
20.7
20.9
21.1
20.9
20.9
21.1
21.1
20.9
20.9
20.9
20.9
21.1
21.1
21.2
21.4
21.2
21.2
21.1
21.1
21.1
21.2
21.4
21.4
21.4
21.4
21.4
21.2
21.1
21.1
21.1
21.1
21.1
21.2
21.2
21.4
21.4
21.6
21.6
21.6
21.6
21.6
21.4
21.4
21.4
21.2
21.2
21.2
21.2
21.2
21.4
21.6
20.9
20.3
19.9
19.3
19.1
18.7
18.4
18.1
18.1
17.8
17.5
17.3
17.2
17.2
17.2
17.2
16.9
16.9
16.9
17.2
17.3
17.3
17.3
17.2
16.9
16.9
16.9
16.7
16.9
16.9
16.9
16.9
16.9
16.9
17.5
17.9
18.5
18.5
18.5
18.4
17.9
17.9
17.9
17.9
17.9
18.1
18.1
17.9
17.8
17.3
9.9
9.5
9
8.6
27.8
37.4
42.5
42.3
33.3
39.2
52.7
53
53.2
53.2
53
53.4
53.7
58.5
53.2
53.4
58
65.3
65.2
65.3
65.3
65.2
65
65
70.1
70
63.2
62.9
57.9
63.3
67.7
67.4
61.5
61.4
61.7
62
67.8
67.9
68.4
68.4
68
63.7
64.1
63.8
63.9
82.2
102.8
109.4
107.6
84.1
65.1
65
131.9
54.1
30
22.3
22
21.6
21.4
21.4
21.4
21.1
20.9
20.9
20.9
21.2
21.4
21.6
21.6
21.4
21.6
21.6
21.4
21.1
20.5
20.3
20.2
19.9
19.6
19.1
19
18.7
18.7
18.4
18.4
18.1
17.9
17.8
17.5
17.5
17.2
17.3
17.2
17.3
17.3
17.3
17.3
17.8
17.8
17.8
17.9
17.9
18.1
18.4
18.5
18.5
18.5
18.5
18.5
18.5
19
28.1
27.8
27.8
27.6
27.6
27.2
20.7
20.5
20.3
20.3
19.9
19.7
19.6
19.7
19.6
19.3
19.1
19.1
19.1
19.1
18.7
18.7
18.7
18.5
18.4
18.1
18.1
18.1
18.1
18.1
18.1
18.1
17.9
17.9
17.8
17.9
17.8
17.8
17.8
17.5
17.8
17.5
17.3
17.3
17.3
17.5
17.5
17.5
17.5
17.5
17.5
17.5
17.8
17.8
17.8
17.9
18.1
18.1
17.9
18.1
18.1
17.9
17.9
17.9
17.9
17.9
17.9
18.4
18.1
18.4
18.1
18.1
17.9
17.8
17.8
17.5
17.8
17.5
17.5
17.5
17.8
17.8
17.9
17.8
17.5
17.3
17.3
17.8
17.9
17.9
17.9
18.4
18.4
18.4
18.5
18.5
18.5
18.7
19
19.1
19.3
19.3
19.6
19.7
19.9
20.2
19.9
19.9
20.2
20.3
20.5
20.9
20.9
20.9
21.1
21.2
21.2
21.6
21.8
21.8
21.6
13.9
13.7
13.1
13
3.8
28.1
45.8
46
45.8
36.2
42.2
52.7
62.5
68
68
68
67.5
67.5
72.1
72
66.4
60.8
60.6
60.7
74.2
74.3
74.3
68.7
68.8
69.2
77.6
77.9
83.3
83.3
78.7
78.9
83
87.4
91.7
91.6
91.4
91.2
91.2
91.3
91.5
91.7
92
96.6
91.9
88.1
82.6
78.3
71.1
66.8
78.9
84.4
92.7
92.7
75.9
69.3
160.7
145.7
130.4
130.3
32.2
23.8
23.2
23.1
22.7
22.3
21.6
21.6
21.2
21.1
21.1
21.1
21.1
21.2
21.2
21.2
21.2
21.1
21.1
20.9
20.7
20.3
20.2
20.2
20.2
19.9
19.7
19.6
19.6
19.6
19.6
19.6
19.6
19.3
19.3
19.1
19.1
19.1
19
19
19
19
19
19
19
19
19
18.7
19
18.5
18.5
18.7
18.7
18.5
18.7
19
19
19
19
18.5
18.5
18.5
18.7
18.7
18.7
19.1
19.1
19.1
19.3
19.3
19.6
19.7
19.9
19.7
19.9
20.3
20.5
20.7
20.5
20.5
20.7
20.5
20.2
19.6
19
18.4
17.9
17.9
33
41.9
54.7
54.4
46.7
46.2
46.2
62.8
62.9
73.4
68.9
64.6
64.7
64.7
65
64.8
59
59.4
59.7
67.5
67.9
73.2
73
72.9
72.7
72.4
72.5
72.9
73.2
73.7
73.6
73.6
73.6
73.9
78.5
78.4
78
72.5
72.1
67.7
67.7
71.9
71.8
71.9
71.8
71.5
71.4
71.1
71.2
71.1
67.3
79.1
94.6
106
110.7
105.1
86
68
67.9
142.9
78.4
39.5
26.1
25.6
25.2
25.1
25.1
24.9
24.7
24.9
25.1
25.2
25.2
25.1
25.6
25.8
26
26.1
26.3
26.5
26.7
26.9
26.9
26.3
20.3
20.5
20.7
20.7
20.7
20.9
20.9
20.9
20.9
21.1
20.9
21.1
20.9
20.9
20.7
20.7
20.3
20.3
20.3
20.3
20.2
20.3
20.3
20.3
20.2
19.9
19.9
19.9
19.7
19.7
19.7
19.6
19.7
19.9
19.9
20.2
19.9
20.2
20.3
20.3
20.3
20.3
20.2
20.2
19.9
20.3
20.2
20.2
20.2
19.9
19.7
19.7
19.7
19.7
19.7
19.9
20.2
20.2
19.9
19.7
19.7
19.7
19.6
19.6
19.6
19.6
19.3
19.1
19.1
19.1
19.1
19.1
19.1
19.3
19.1
19.3
19.1
19.3
19.3
19.1
19.3
19.1
19.1
19.1
19.3
19.3
19.3
19.6
19.6
19.1
19.1
19.1
19.1
19.1
19
19.1
19.1
19.3
19.7
20.2
20.3
20.3
20.3
20.5
20.5
20.3
20.3
20.3
20.5
20.7
20.7
20.7
20.7
20.7
20.7
20.7
20.5
20.7
20.7
20.9
20.9
20.9
20.9
20.9
20.9
20.9
20.9
20.9
20.9
20.9
20.7
20.7
20.5
20.5
20.3
20.3
19.9
20.2
20.3
20.2
19.9
19.9
20.2
20.2
20.2
20.3
20.3
20.3
20.2
20.3
20.3
20.3
20.3
20.3
20.5
20.3
20.3
20.2
20.3
20.7
21.1
21.1
21.4
21.2
21.4
21.2
21.4
21.6
22
22
22
21.8
22
22
22
22.1
22.1
22
22
21.8
21.8
22
22.1
30.8
31
31.5
37.9
38.4
38.4
38.2
43.7
56.9
72.1
80.7
80.5
72.1
64.1
63.9
64.2
69.3
69.2
69.2
68.9
69.1
69.2
74.6
80.2
80.3
79.9
70.1
69.8
69.6
69.8
74.8
75
75
74.9
69.2
69.3
69.2
74.7
74.7
74.8
78.7
74.5
74.3
73.9
73.8
73.6
73.6
73.7
73.9
73.9
73.8
73.7
73.6
73.6
73.4
73
73.2
73.4
78.5
90.6
95
91.5
78.7
69.2
64.4
64.4
69.2
126.5
172.6
139.6
127.2
87.7
26.7
19.7
19.7
19.7
19.6
19.9
20.2
19.9
20.2
20.5
20.7
21.1
21.2
21.4
21.6
21.4
21.4
21.2
21.1
21.2
21.2
21.2
21.2
21.1
21.2
20.9
21.1
21.1
20.9
21.1
21.2
21.2
21.2
21.1
21.1
20.9
20.7
20.7
20.5
20.5
20.5
20.5
20.5
20.3
20.3
20.3
20.2
20.2
19.9
19.9
19.7
19.7
19.7
19.7
19.7
19.7
19.7
19.7
19.6
19.6
19.7
19.7
19.7
20.2
20.2
20.2
19.9
19.9
20.2
19.9
19.7
19.7
19.7
19.6
19.6
19.7
19.6
19.7
19.7
19.7
19.6
19.6
19.7
19.6
19.7
19.9
20.2
20.3
20.3
20.5
20.5
20.3
20.5
20.7
20.7
20.5
20.3
20.3
20.3
19.9
11.5
11.8
11.8
11.3
11.3
26
42.8
47.9
48
47.9
47.7
40.2
40.2
40.6
49.5
60.3
64.6
64.3
64.1
64.1
64.1
69.7
69.6
69.2
64.3
58.6
58.5
58.7
66.5
71.8
71.9
72
72
71.8
71.5
71.4
71.6
77
77.3
77.6
77.7
78.3
78.2
78.3
82.6
82.5
86.8
87
87.1
87
86.9
87
87.3
87.4
87.4
87.4
87.6
87.4
87.4
87.4
87.2
80.4
80.3
75.2
70
64.2
64.2
75
78.9
82.9
78.4
78.3
62.5
101.4
86.5
35.7
35.4
35.2
34.7
25.8
25.6
25.6
25.6
25.4
25.2
24.7
24.5
24
23.6
23.2
23.2
23.1
23.4
23.6
23.8
23.6
23.4
23.2
23.1
23.1
23.2
23.2
23.4
23.6
23.8
23.2
23.1
22.7
22.5
22.3
22.1
22.1
21.8
21.4
21.1
20.9
20.7
20.7
20.7
20.5
20.3
20.2
20.2
20.2
19.9
19.7
19.6
19.7
19.7
19.7
19.7
19.7
19.7
19.6
19.6
19.3
19.3
19.3
19.3
19.3
19.7
19.7
19.7
19.6
19.3
19.6
19.7
19.9
20.2
20.2
20.3
20.3
20.3
20.3
20.3
20.2
20.2
20.3
20.5
20.5
20.5
20.5
20.7
20.7
20.9
21.1
21.2
21.1
21.1
21.1
21.1
20.9
21.1
21.4
21.2
21.1
20.9
20.5
20.5
20.3
20.2
20.2
20.2
19.9
19.9
19.9
19.6
19.3
19.3
19.3
19.3
19.1
19.1
19.3
19.3
19.3
19.3
19.6
19.6
19.6
19.7
19.7
19.6
19.6
19.6
19.6
19.6
19.3
19.3
19
19
19.1
19.1
19.1
19.3
19.3
19.1
19.1
19
19.1
19.1
19.3
19.3
19.3
19.3
19.3
19.6
19.7
19.7
19.7
19.6
19.6
19.6
19.6
19.6
19.6
19.6
19.6
19.6
19.6
19.3
19.3
19.6
19.3
19.6
19.7
19.9
19.9
20.2
20.2
19.9
20.2
20.2
20.2
19.9
19.9
19.9
19.9
19.9
19.9
19.7
19.7
19.6
19.6
19.6
19.7
19.6
19.6
19.6
19.7
19.9
20.2
20.3
20.3
20.2
20.3
20.3
20.5
20.7
20.7
20.7
20.7
20.9
20.9
21.1
21.1
21.1
21.2
21.2
21.2
21.4
21.4
21.2
21.1
20.9
20.7
20.7
21.1
21.1
20.9
20.9
20.9
20.9
21.1
21.1
21.1
21.1
21.2
21.1
20.9
20.9
20.9
20.7
20.9
20.9
21.1
21.2
21.1
20.7
20.7
20.7
20.7
21.1
27.1
33.5
33.8
41.6
46.7
46.7
46.5
46.1
46.1
56.4
61.1
68.4
74.7
70.3
70.1
63
63.3
63.4
69.7
69.7
69.6
69.2
68.9
68.6
68.3
68.3
73.4
73.4
77.6
77.8
77.9
77.9
77.6
77.3
77.1
77.1
77.1
77.6
81.6
81.5
81.3
76.4
76.7
76.8
76.8
77
77.3
82.9
77.8
77.9
77.4
70.9
70.9
71.1
71.2
71.6
77.4
77.4
77.6
77.9
76.8
76.8
77
77.1
77.2
77.4
77.6
77.7
77.4
77.6
82.5
88.1
95.6
100.1
100
92.4
92.2
69.2
60.7
72.9
119.8
156.5
135
124.7
106
37.4
25.8
25.6
25.2
24.9
24.3
24
23.6
23.2
22.7
22.5
22.3
22.1
22
22
22.3
22.3
22.3
22.1
22.1
22
21.8
21.6
21.6
21.4
21.4
21.4
21.6
21.6
21.6
21.6
21.6
21.4
21.6
21.4
21.2
21.2
21.1
20.9
20.5
20.7
20.7
20.5
20.5
20.7
20.7
20.9
20.9
20.7
20.7
20.7
20.5
20.5
20.5
20.3
20.3
20.2
20.2
20.2
20.2
20.2
20.2
20.3
20.3
20.3
20.2
20.2
19.9
20.2
19.7
19.7
19.7
19.7
19.7
19.7
19.9
19.9
19.9
19.9
19.9
19.7
19.7
19.7
19.7
19.6
19.6
19.3
19.3
19.6
19.6
19.7
19.7
19.9
20.2
20.2
20.2
20.2
20.3
20.3
20.2
19.9
19.9
20.2
20.3
20.3
20.5
20.7
20.7
20.3
20.3
20.5
20.5
20.5
20.2
20.2
20.3
20.3
20.3
19.9
19.6
19.1
19
18.7
18.7
18.7
19
27.8
28
36.2
45.2
51.8
51.5
51.4
51
45.2
45.2
53
58.5
63.2
68.2
72.3
67.7
67.5
67.5
67.3
67.3
67.3
67.3
72
64.2
69.6
69.3
69.2
70
70
70.2
74.3
74.3
74.5
74.6
74.3
74.3
74.2
74.3
74.2
74.5
79.3
79.2
79.1
75.2
75.2
74.9
75.2
81.1
80.9
70.2
76.4
76.2
76.4
76.4
72.3
72
71.6
71.6
71.6
71.9
72.1
77.6
77.7
77.8
82
82
81.9
81.9
81.7
81.7
81.5
81.3
76.1
76.4
76.2
72.1
76.5
80.5
80.9
88.8
93.3
93.4
93.4
87.4
81.1
75.9
65.9
82.2
131.7
56.4
45.3
37.5
31.7
31.3
25.4
25.2
25.2
25.2
25.1
25.2
25.4
25.4
25.2
24.9
24.7
24.9
24.9
24.7
24.3
24.1
24.1
24.1
23.8
23.6
23.4
23.1
22.9
22.7
22.7
22.7
22.7
22.9
22.9
22.7
22.7
22.5
22.3
22.1
22.1
22
22
21.8
21.8
21.6
21.6
21.6
21.4
21.2
21.2
21.2
21.4
21.2
21.2
21.1
20.9
21.1
20.7
20.5
20.7
20.9
20.7
20.5
20.5
20.3
20.2
20.2
19.9
19.9
19.9
19.9
19.7
19.6
19.6
19.6
19.6
19.7
19.6
19.6
19.6
19.6
19.6
19.6
19.3
19.6
19.6
19.6
19.3
19.6
19.6
19.7
19.7
19.7
19.9
19.7
19.7
19.6
19.7
19.7
19.7
19.7
19.7
19.7
19.6
19.6
19.3
19.3
19.1
19.1
19.1
19.3
19.6
19.7
19.7
19.7
19.7
19.9
19.7
19.7
19.7
19.7
19.6
19.3
19.6
19.7
19.7
19.7
19.7
19.7
19.9
19.7
19.9
19.9
19.9
19.9
19.7
19.7
19.6
19.6
19.6
19.6
19.3
19.3
19.3
19.1
19.1
19.3
19.1
19.3
19.3
19.1
19.3
19.6
19.7
19.7
19.9
19.6
19.6
19.6
19.6
19.3
19.3
19.6
19.6
19.6
19.6
19.6
19.6
19.3
19.6
19.3
19.3
19.3
19.3
19.3
19.3
19.6
19.6
19.3
19.6
19.6
19.7
19.9
19.7
19.7
19.9
19.9
20.2
20.3
20.2
20.3
20.5
20.7
20.5
20.7
20.5
20.3
20.3
20.5
20.5
20.7
21.1
21.1
26.7
26.5
26.7
32.8
33.2
32.8
26.7
34.5
34.5
34.7
34.2
24.7
24.7
24.7
24.3
17.8
17.9
18.4
18.5
18.5
18.7
19
19.3
19.6
19.6
19.3
19.6
19.6
19.6
19.6
19.3
19.6
19.3
19.6
19.7
19.9
19.9
19.9
19.9
19.7
19.6
19.3
19.3
19.6
19.6
19.6
19.6
19.7
19.7
19.7
19.7
19.7
19.7
19.6
19.7
19.7
19.9
19.9
19.7
19.7
19.7
19.6
19.6
19.7
19.7
19.7
19.6
19.6
19.6
19.6
19.7
19.7
19.9
19.9
19.9
19.9
19.9
19.7
19.7
19.7
19.9
20.3
20.5
21.1
21.2
21.4
21.4
21.4
21.4
21.4
21.6
21.6
21.6
22
22.1
22.1
22
22.1
22
22.1
22.1
22.1
22.3
22.5
22.7
22.9
22.7
22.7
22.9
22.9
22.9
22.7
22.9
23.2
23.2
23.8
24
24.1
24.5
25.1
25.1
25.4
26
33.7
34.2
34.5
41
41.3
47.1
53.6
53.4
53.6
53.9
58.3
58.3
58.5
58.7
63.4
63.4
63.9
64.2
68.7
68.8
68.9
69.1
69.6
70
75.9
75.6
75.5
75.8
81.7
81.5
81.1
81.3
81
75.9
76
72
72.1
72.1
72.3
77.4
77.3
77.2
77
76.7
76.6
76.4
71.8
71.8
71.6
71.5
71.4
71.4
71.6
71.8
71.8
71.8
71.8
71.9
71.8
71.6
71.6
71.5
71.4
71
70.9
71
71
71.4
71.6
71.8
72
72.1
72.3
72.1
72.3
72.3
72.3
72.1
72
71.8
71.6
71.5
71.4
64.7
64.6
64.6
64.8
65.1
69.4
73.9
83
83
87.1
87.1
81
80.8
70.6
66.2
65.9
60.1
60
64.8
94
179
186
144.9
136.3
127.9
127.9
85.7
33
25.6
25.2
24.5
24.3
23.8
23.4
23.2
23.2
22.9
22.5
22.3
22
21.8
21.8
21.6
21.4
21.4
21.4
21.2
21.2
21.2
21.2
21.1
21.1
21.1
21.1
21.2
21.2
21.2
21.2
21.4
21.6
21.6
21.8
21.8
22
22
21.8
21.8
21.4
21.2
21.2
21.1
21.1
20.9
20.7
20.5
20.7
20.7
20.7
20.7
20.5
20.3
20.2
19.9
19.9
19.9
19.7
19.7
19.7
19.7
19.7
19.7
19.7
19.7
19.3
19.6
19.6
19.6
19.7
19.9
19.7
19.7
19.6
19.3
19.3
19.3
19.3
19.3
19.6
19.3
19.6
19.6
19.9
19.9
19.9
19.9
19.9
19.7
19.7
19.6
19.6
19.3
19.3
19.3
19.3
19.3
19.6
19.6
19.6
19.3
19.3
19.3
19.3
19.1
19.1
19.6
19.3
19.1
19
19.1
19.1
19.3
19.6
19.6
19.7
19.9
20.2
20.7
20.7
20.7
20.9
21.1
21.1
21.1
21.1
21.1
21.1
21.1
21.1
21.1
21.1
21.2
21.2
21.1
20.9
20.9
20.7
20.9
20.9
21.1
21.2
21.2
21.2
21.2
21.2
21.2
21.2
21.2
21.2
21.2
21.4
21.6
21.6
21.6
21.4
21.2
21.2
21.4
21.2
21.2
21.1
21.1
20.9
21.1
21.2
21.2
21.1
21.2
21.2
21.2
21.1
21.2
21.2
21.4
21.4
21.4
21.4
21.2
21.2
21.6
21.6
21.4
21.4
21.4
21.2
21.1
21.2
21.2
21.2
21.2
21.1
21.2
21.1
21.2
21.1
21.1
21.1
21.2
21.2
21.4
21.2
21.2
21.2
21.2
21.4
21.2
21.2
21.2
21.2
21.2
21.1
21.2
21.4
21.4
21.4
21.4
21.4
21.4
21.2
21.1
21.1
21.2
21.4
21.2
21.1
21.2
21.4
21.4
21.6
21.6
21.6
21.4
21.2
21.2
21.4
21.6
21.8
21.6
21.6
21.6
21.8
21.6
21.6
21.6
21.4
21.4
21.2
21.2
21.2
21.6
21.8
21.8
21.8
21.6
21.4
21.4
21.6
21.6
21.4
21.4
21.1
21.2
21.2
21.2
21.2
21.2
21.2
21.2
21.2
21.2
21.4
21.2
21.4
21.4
21.4
21.4
21.4
21.4
21.2
21.2
21.6
21.8
21.8
22
21.8
21.8
21.8
21.8
21.6
21.8
21.8
21.6
21.4
21.4
21.2
21.4
21.4
21.2
21.2
21.1
21.1
21.2
21.1
21.2
21.2
21.2
21.2
21.2
21.2
21.1
21.1
21.2
21.1
21.2
21.2
21.1
21.1
21.1
21.1
21.1
21.1
21.2
21.2
21.1
21.1
21.1
21.1
21.1
21.1
21.1
21.1
21.1
21.1
21.1
21.1
21.1
21.1
21.2
21.2
20.9
20.9
21.1
21.1
21.1
21.2
21.1
21.2
20.9
20.9
20.9
21.2
21.1
21.1
21.1
20.9
20.9
20.9
21.1
21.1
21.1
21.1
21.2
21.2
21.4
21.4
21.4

